-0.0325976497740695
0.1672008458651453
-0.9303271630973102
0.5213049709200721
-0.0280621829474556
0.2765460111943377
-1.1093517654025533
0.5993290330750599
-0.2039428601548652
0.2012672413177415
-1.9918042333618300
0.3559255818395458
-0.0681001409918547
-0.7852844165254250
-0.7501098439923776
-0.2215382189742373
-0.4633320187477217
-0.1889565309588769
0.4013568111547097
-0.2746588804210706
-0.2109651377921451
1.5777644675439508
0.5511685733401639
0.0724868843120924
0.3535520166029020
0.6826571459086499
2.3964965517956021
-0.7586111415967219
-0.1628597307286755
1.3390213434531233
0.5735543297050427
0.9977183002580263
0.0819899533606575
-0.0814558754631482
-0.3400887310287025
-0.1984097872370314
0.2254833251954313
-1.1440149115990108
0.7429763235519375
0.9079763082137716
-0.7180304816855735
-0.8927012545656208
-0.5934852615319595
0.0631556937697881
0.2427040880386552
0.8515171618192753
-0.6667209446634912
-0.2366435250412067
0.7581355255344859
-1.0963906160751320
0.3795953851048842
0.3233135312663097
-0.3554898533038394
0.6739955282326703
-0.7514837641935557
0.2924397306544859
-1.1424210760662590
0.2017286441373235
-1.2878718757422043
-0.4110601980254619
-0.9514906860042512
-0.5200532460462846
0.0393605090090399
-1.1176938533127128
-0.2443616053615834
1.3091087040543201
-0.4435253682465711
0.5898452295581189
1.5205800797615292
-0.5065338447092664
-0.5647940269878102
-0.5588995261708610
-0.1069912251865689
-0.5970395725125879
-1.0572470291580096
0.0331764184267503
-1.0823238668287705
0.6428745991140354
0.1667909185445036
0.8759205842008881
0.2996824664095559
-0.9515421660982735
0.3331825595685655
0.9708274725228199
-0.0147349085986172
0.5723708827416811
-0.2996157426844602
-0.0412386711027636
-0.3499169670048916
-0.0167537324171333
0.3322171056945931
0.0373143956238602
0.7699881982314488
0.3635297029893823
0.8939916285613089
-0.3334390839033449
-0.4612789217532682
0.7917479982076470
0.2253109760535000
-0.2737984899447906
0.0834683327264751
-0.9092866868905527
0.5323155170875086
0.8150476266318494
0.9713338975731924
-0.2359844344962655
0.4430132180249912
0.7818984510371954
-0.2262439231171237
-0.2910845862738408
1.5621907920975167
-0.3732084294234401
0.0606887060406544
0.2161392825218327
-0.7890832550396183
-0.7578396021017959
-0.6323946092582794
0.6599384230138905
-0.1799669266746370
-0.6463510387083335
-0.0342579211477526
0.7446397316021846
0.1974331315855094
-0.3062904823542021
-0.5571036047000392
0.7227852952423984
-0.8856297017186323
-0.3558353331666135
0.7567191879102422
0.6244409289842408
-1.1701150160486393
1.0987370440852080
1.0383433240594027
-0.5578717928898964
0.2779215123407823
0.2305643493265898
-0.0492866194323217
-0.1906174584297252
0.2548643620919558
0.4309483790492664
-0.8410075662365709
-0.2186540893722992
-0.7915172820918389
-0.1802888874606250
-0.4521633338083698
1.2803478482631547
-0.2246176699993441
0.5606963679202533
0.3378751533433086
-1.2249836986450466
0.9332478151406870
0.1944385731678729
-0.4509462443245554
-0.3325617076554461
-0.1271203701543434
-1.5077645640520410
0.7840969855042779
-0.5973003010446136
0.2229908036526332
-0.6235568952277586
-1.0575258432079864
-0.7635489924202491
-0.0201057432105492
-0.2330518805633354
-1.4085123230796361
-1.1726801199706860
0.1523922389729730
-0.5591269131999290
-1.2017270619443254
-0.3102049213634724
-0.0158615099072276
-1.3274232602812799
-0.0807954129082210
-0.1538089456607317
0.2151883942972928
-1.1594429117935283
0.6873082663689659
0.0851918185977794
-0.8221805946176581
0.4534033560495576
-0.3058705311865334
-0.2727713807487465
-0.3590953622453468
0.4454524209808221
-0.6624162650449744
1.0262591175625020
-0.2704282724417315
-0.0166813544914130
0.2351988253184404
-0.2351810274515695
-0.2977768874624606
0.1362992913955899
0.4690512075329005
0.8513514585887433
0.1371541342664072
0.3702018189083027
-0.8742660209015221
0.4157336507956197
0.3334037566506398
0.0014439471455546
0.8801664162084095
0.2050609803425269
-0.7727970063238933
-0.0174221800762008
0.1610862832710384
0.2813167836396113
1.4348130132269388
0.2048464168091954
0.5505864447633484
-0.6504341920712241
0.8902291079189132
0.4780520296180449
-0.8704185058291104
0.5474966167927154
0.8289415165852608
0.0398783740683602
-0.0302738346506964
1.0105194751509328
0.5833299386852681
0.0790717708727133
0.2160542206775507
0.5800173246086819
-0.3719599668505529
-0.0569243933431564
-0.1570827875665706
1.2760596734659406
-0.6774549218587467
0.3525419141149616
-0.3420024118688275
-0.1456180770467487
0.1977980452664694
0.1205328401522966
-0.2741197944510215
-0.2830692769845865
1.6030197949082992
0.3470511560159738
-1.4590373984450489
0.5195598732734779
-0.2311143625674894
0.2768107160713057
-0.5198017457407922
1.1966162910330944
-1.4250655345789069
0.0578838013790931
0.4285444405712737
0.8393179215026166
-0.4683889851431453
0.0002440071528670
-0.2874480756751234
0.6098439995896661
-0.0025956482113604
0.0066533688732810
-0.2970283539211740
1.3652674173388653
0.0864443709212738
-0.5631049230459737
-1.4884552747499609
-0.8187096859674153
-0.2647676865445489
-0.8101342011011557
-1.6379496622687366
-0.9052926033259695
-0.4330405469792905
0.6393388936436045
0.4153398133196487
-0.2073720720847775
0.8528977346105354
0.2616091578466491
-0.9751702594521664
-0.3127559608910872
-0.3053498372133390
0.3645204415763856
0.2949849104645457
1.2293596548867518
0.7028615069215364
0.3589589982669075
-0.8637469216424690
-0.2560302964304706
-0.0499904497064122
-0.4590964642238847
-0.3718088347089928
0.9067746065741915
-0.5653184191569850
-0.5508555415187206
-0.6330689080677177
-0.0675469212677565
-0.0999574477828009
0.7430459843074281
-0.0668593585699775
0.9058576803586422
-0.6730466921846525
0.2843903288058848
-0.4734029111565418
-0.9553774094524841
0.9092307943942921
0.2559085038193349
-0.1029866571118163
-0.1970133826301983
-0.3097867754498288
-0.1192314128209460
0.3598515906866207
-0.8130691020024495
-0.9923072609786489
-0.3086935210202430
0.2227309332249972
0.7757204213470160
-1.1192983096771836
-0.3753868315571494
-0.5218596519286463
0.0830441709532292
0.3999501007083742
0.1310747542748532
-0.2133793736451925
0.8128626164010194
-0.7603699753274682
0.0517418044764137
-0.4201217735135344
1.2715428303693328
0.9879516592367329
-0.2163728991902746
-1.0689052304737299
-0.1290496573705720
-0.1250563852122323
0.6996315193265299
-0.1707311254389588
1.2881366816734166
-0.1019684965327610
0.3487353222739810
-1.2531695064745776
0.8359702497964873
-1.2201089730200163
-0.7997278954448728
0.3700766883258940
-0.5862269551129939
-0.0110047407249801
0.0725786499022889
-0.8407903857047606
1.0600849863556427
-0.7840045801102731
0.6119647068568339
0.7149274879284173
1.2013666555566924
0.3819972076973643
1.2097898066173618
1.0609714782836408
0.3926645631186222
-0.0921372511411952
-0.0599515707487881
0.5936875288749971
-1.1106377189675316
0.1014111299434615
0.9854414388403316
-0.5429508729184130
0.0605219776849959
-0.0642441917235075
2.2922133608025121
-0.3661601832818394
0.3932711575894037
-0.2522601554156796
-1.2665284251853777
0.1255507094105504
-0.3322923187868163
0.1444713940817006
-0.3729126752764743
0.0183306053472500
0.3882575718488678
-0.0559570863771884
-0.5618209901766417
-0.6333330110610875
-0.2959578690856727
-0.5756260778417118
0.7376796293474392
-0.7922450743908800
-0.2301561826479808
-0.4916964642540597
-1.4057536555970442
-0.2769886478967183
0.1977732388625808
0.8345284310595328
0.3876734753184612
-0.0201446542483058
0.1301219847889662
1.2022185419144931
-1.5460982384782149
0.5940037590710346
0.2928823672217666
0.3605827082257669
-0.0160586474618425
1.1223210120834670
-0.2309547120104723
0.3800355148435250
0.2550522114945472
-0.1265974610676992
0.1356002675501421
0.9638316097031552
-1.0178389486641570
0.7451821149702088
-0.4102354028862640
0.2050104677449019
0.0698763823383306
-0.2566031783129171
